1739739943047 16.89390003681183 0
1739739949585 13.914707660675049 10
1739739957958 14.831048488616943 20
1739739964113 14.68451851606369 30
1739739972395 15.405486822128296 40
1739739978531 14.91706097126007 50
1739739987811 15.026728630065918 60
1739739994178 14.97480821609497 70
1739740002113 15.399023592472076 80
1739740009849 15.023318529129028 90
1739740015496 15.046853005886078 100
1739740021658 14.899846076965332 110
1739740028244 15.085049510002136 120
1739740034029 15.067342042922974 130
1739740040026 14.939754128456116 140
1739740046116 14.747123301029205 150
1739740052100 14.908662617206573 160
1739740058299 15.786148846149445 170
1739740063930 14.780871391296387 180
1739740068930 15.163945198059082 190
1739740074314 14.68101555109024 200
1739740079842 14.653152048587799 210
1739740085661 14.86809366941452 220
1739740092189 14.665641725063324 230
1739740097583 14.898041427135468 240
