1739739943066 1.0612540245056152 0
1739739949602 0.9631444215774536 10
1739739957977 0.9943523406982422 20
1739739964135 0.9894280433654785 30
1739739972413 1.0134260654449463 40
1739739978563 0.9972314834594727 50
1739739987833 1.0008904933929443 60
1739739994209 0.9991599321365356 70
1739740002133 1.0132135152816772 80
1739740009882 1.000777006149292 90
1739740015512 1.0015605688095093 100
1739740021674 0.9966559410095215 110
1739740028265 1.002830982208252 120
1739740034045 1.0022422075271606 130
1739740040058 0.9979897737503052 140
1739740046134 0.991534948348999 150
1739740052117 0.9969508051872253 160
1739740058314 1.0258703231811523 170
1739740063946 0.992668867111206 180
1739740068946 1.0054500102996826 190
1739740074330 0.989310085773468 200
1739740079862 0.9883707761764526 210
1739740085716 0.9955933690071106 220
1739740092205 0.9887918829917908 230
1739740097599 0.9965956211090088 240
