1739739942997 2.820835828781128 0
1739739943833 1.0674960613250732 1
1739739944571 0.9269769787788391 2
1739739945400 0.8756022453308105 3
1739739945956 0.8502605557441711 4
1739739946474 0.8279024958610535 5
1739739947116 0.807257354259491 6
1739739947631 0.8032528758049011 7
1739739948147 0.7782860398292542 8
1739739948881 0.7704277634620667 9
1739739949541 0.7659650444984436 10
1739739950269 0.7581878900527954 11
1739739950816 0.7658472061157227 12
1739739953231 0.7605444192886353 13
1739739954223 0.7496599555015564 14
1739739955115 0.7301816940307617 15
1739739955702 0.7350097894668579 16
1739739956260 0.7241000533103943 17
1739739956815 0.7323669195175171 18
1739739957361 0.7273236513137817 19
1739739957914 0.7262771725654602 20
1739739958719 0.7130919694900513 21
1739739959364 0.7176510691642761 22
1739739960047 0.710220992565155 23
1739739960733 0.7026819586753845 24
1739739961322 0.6967955231666565 25
1739739961831 0.6832558512687683 26
1739739962449 0.6851614117622375 27
1739739962988 0.6793251037597656 28
1739739963531 0.6803755760192871 29
1739739964060 0.6724777221679688 30
1739739964685 0.6767582297325134 31
1739739965222 0.6756705045700073 32
1739739965765 0.6631637811660767 33
1739739966312 0.6678529977798462 34
1739739967045 0.6529866456985474 35
1739739969353 0.6567991971969604 36
1739739970095 0.6442259550094604 37
1739739971262 0.6384697556495667 38
1739739971851 0.6551693677902222 39
1739739972348 0.6576564311981201 40
1739739972929 0.6478726267814636 41
1739739973413 0.6451565623283386 42
1739739974011 0.6434219479560852 43
1739739974617 0.641223132610321 44
1739739975266 0.6335187554359436 45
1739739976127 0.6237690448760986 46
1739739976755 0.6253368258476257 47
1739739977476 0.6306602954864502 48
1739739977981 0.6156585216522217 49
1739739978498 0.619235634803772 50
1739739979181 0.616832971572876 51
1739739979748 0.6127933859825134 52
1739739980299 0.6255925297737122 53
1739739980835 0.6095479726791382 54
1739739981366 0.6132991909980774 55
1739739982007 0.5981149077415466 56
1739739982584 0.6206669211387634 57
1739739985733 0.6013036370277405 58
1739739986716 0.6039549708366394 59
1739739987756 0.6052071452140808 60
1739739988497 0.6002985239028931 61
1739739989112 0.600007951259613 62
1739739989694 0.6081412434577942 63
1739739990227 0.5994691252708435 64
1739739990934 0.5974972248077393 65
1739739991746 0.602181077003479 66
1739739992443 0.5947072505950928 67
1739739993062 0.5843780040740967 68
1739739993644 0.5909839868545532 69
1739739994147 0.5906627774238586 70
1739739994766 0.5842193961143494 71
1739739995682 0.5956645607948303 72
1739739996462 0.5826811790466309 73
1739739997294 0.572712242603302 74
1739739998773 0.5800151228904724 75
1739739999349 0.5811107754707336 76
1739739999988 0.57140052318573 77
1739740000844 0.5763859152793884 78
1739740001499 0.5787206888198853 79
1739740002070 0.5750615000724792 80
1739740002672 0.5729487538337708 81
1739740003453 0.5715561509132385 82
1739740004261 0.5768017172813416 83
1739740004989 0.5764591693878174 84
1739740005635 0.580412745475769 85
1739740006231 0.5716372728347778 86
1739740007109 0.5661413073539734 87
1739740007940 0.5773477554321289 88
1739740008834 0.5682752132415771 89
1739740009798 0.5685918927192688 90
1739740010400 0.564513623714447 91
1739740010965 0.5583904385566711 92
1739740011524 0.5597498416900635 93
1739740012116 0.5547530651092529 94
1739740012716 0.5573550462722778 95
1739740013267 0.5696797370910645 96
1739740013818 0.560364842414856 97
1739740014421 0.5631342530250549 98
1739740014955 0.5498167872428894 99
1739740015449 0.5602788329124451 100
1739740016028 0.5631539225578308 101
1739740016703 0.5703856348991394 102
1739740017299 0.564300537109375 103
1739740017879 0.5666585564613342 104
1739740018365 0.5679446458816528 105
1739740018898 0.5629844665527344 106
1739740019400 0.5655364990234375 107
1739740020049 0.5715973973274231 108
1739740020842 0.5668532848358154 109
1739740021611 0.5661348700523376 110
1739740022270 0.5419465899467468 111
1739740023218 0.5549364686012268 112
1739740023958 0.5591687560081482 113
1739740024615 0.5518800616264343 114
1739740025242 0.5511787533760071 115
1739740025807 0.5518860220909119 116
1739740026509 0.5526530742645264 117
1739740026995 0.5504131317138672 118
1739740027529 0.5613327622413635 119
1739740028198 0.5467255115509033 120
1739740029136 0.5507274866104126 121
1739740029620 0.5481523871421814 122
1739740030123 0.5390675663948059 123
1739740030685 0.5474717020988464 124
1739740031235 0.5473869442939758 125
1739740031778 0.5501663684844971 126
1739740032496 0.5556179881095886 127
1739740033009 0.537851870059967 128
1739740033496 0.5455167889595032 129
1739740033998 0.5420092940330505 130
1739740034617 0.542273223400116 131
1739740035112 0.5465605854988098 132
1739740035665 0.5368749499320984 133
1739740036141 0.5481385588645935 134
1739740036627 0.5430764555931091 135
1739740037114 0.5401018857955933 136
1739740037802 0.5431658029556274 137
1739740038370 0.5446588397026062 138
1739740038997 0.5327200293540955 139
1739740039964 0.5389690399169922 140
1739740040917 0.5417298674583435 141
1739740041640 0.5362232327461243 142
1739740042252 0.5406301021575928 143
1739740042786 0.5406814217567444 144
1739740043334 0.5350602865219116 145
1739740043899 0.5310817360877991 146
1739740044416 0.5301225781440735 147
1739740044933 0.5356065034866333 148
1739740045515 0.5430881381034851 149
1739740046066 0.5373873114585876 150
1739740046704 0.5321898460388184 151
1739740047266 0.5361351370811462 152
1739740047833 0.537056565284729 153
1739740048385 0.5513819456100464 154
1739740049019 0.5355319976806641 155
1739740049591 0.5385493040084839 156
1739740050372 0.5458372831344604 157
1739740050951 0.5392784476280212 158
1739740051497 0.5438165068626404 159
1739740052050 0.5342923402786255 160
1739740052701 0.5337115526199341 161
1739740053337 0.5364874005317688 162
1739740053968 0.5485771894454956 163
1739740054716 0.5356191396713257 164
1739740055299 0.534151554107666 165
1739740056231 0.5324628353118896 166
1739740056799 0.5293143391609192 167
1739740057300 0.5293824672698975 168
1739740057779 0.5307522416114807 169
1739740058268 0.5248070359230042 170
1739740058817 0.5184407830238342 171
1739740059359 0.5397740006446838 172
1739740059930 0.5293504595756531 173
1739740060663 0.524820864200592 174
1739740061247 0.5239827036857605 175
1739740061812 0.5270920991897583 176
1739740062398 0.5319072008132935 177
1739740062916 0.5431771874427795 178
1739740063396 0.524716317653656 179
1739740063893 0.5346762537956238 180
1739740064440 0.5310371518135071 181
1739740064914 0.5302411317825317 182
1739740065412 0.5261764526367188 183
1739740065897 0.5264142751693726 184
1739740066382 0.520737886428833 185
1739740066932 0.5303730964660645 186
1739740067412 0.516893208026886 187
1739740067904 0.5302656292915344 188
1739740068396 0.5235776305198669 189
1739740068883 0.5291372537612915 190
1739740069433 0.5259200930595398 191
1739740069930 0.5223487019538879 192
1739740070463 0.520423412322998 193
1739740071045 0.5283761620521545 194
1739740071648 0.5253876447677612 195
1739740072214 0.5230191946029663 196
1739740072809 0.5295411348342896 197
1739740073309 0.5323686599731445 198
1739740073794 0.5148009657859802 199
1739740074283 0.5185150504112244 200
1739740074832 0.5178300142288208 201
1739740075312 0.5248998999595642 202
1739740075816 0.5216341018676758 203
1739740076296 0.5278436541557312 204
1739740076817 0.5197933912277222 205
1739740077515 0.525307834148407 206
1739740078149 0.5274013876914978 207
1739740078650 0.5196332931518555 208
1739740079149 0.5284051299095154 209
1739740079801 0.5230209827423096 210
1739740080816 0.5221813321113586 211
1739740081398 0.526931881904602 212
1739740081931 0.5210668444633484 213
1739740082697 0.526550829410553 214
1739740083196 0.5353537201881409 215
1739740083680 0.5206263661384583 216
1739740084161 0.5290588736534119 217
1739740084649 0.521029531955719 218
1739740085147 0.5237451195716858 219
1739740085630 0.5239055752754211 220
1739740086233 0.5136386156082153 221
1739740087034 0.5172615051269531 222
1739740087684 0.5250532031059265 223
1739740088398 0.5291405916213989 224
1739740089381 0.5258476734161377 225
1739740090048 0.5250793695449829 226
1739740090581 0.5300233364105225 227
1739740091121 0.5160127282142639 228
1739740091647 0.524144172668457 229
1739740092142 0.5237680673599243 230
1739740092754 0.5169534683227539 231
1739740093284 0.521972119808197 232
1739740093792 0.5138192176818848 233
1739740094289 0.5240004062652588 234
1739740094781 0.5263493657112122 235
1739740095280 0.5223247408866882 236
1739740095808 0.5190083980560303 237
1739740096452 0.520358145236969 238
1739740097034 0.5222069621086121 239
1739740097548 0.5237677693367004 240
1739740098151 0.5184383392333984 241
1739740098658 0.5259272456169128 242
1739740099166 0.5125129222869873 243
1739740099666 0.5144001841545105 244
1739740100188 0.5175738334655762 245
1739740100696 0.5220894813537598 246
1739740101217 0.5127547383308411 247
1739740101734 0.5113012790679932 248
1739740102739 0.5307530164718628 249
