1739739942971 7.957115089776469 0
1739739943797 1.1395479396862143 1
1739739944552 0.859286244301235 2
1739739945373 0.7666792352409924 3
1739739945941 0.7229429500944474 4
1739739946450 0.6854224768923778 5
1739739947093 0.6516644384931115 6
1739739947616 0.6452151621673622 7
1739739948130 0.6057292469868473 8
1739739948861 0.593558985228632 9
1739739949517 0.586702393404409 10
1739739950249 0.5748488737964162 11
1739739950802 0.5865219156531727 12
1739739953199 0.578427841558176 13
1739739954203 0.5619900808030484 14
1739739955094 0.5331653499720144 15
1739739955683 0.5402393396578583 16
1739739956231 0.5243209096438745 17
1739739956795 0.5363613241443447 18
1739739957338 0.5289997633765725 19
1739739957893 0.5274785140565798 20
1739739958683 0.5085001789471683 21
1739739959351 0.5150230301945817 22
1739739960014 0.5044138482680508 23
1739739960715 0.49376194967943077 24
1739739961304 0.4855239744864258 25
1739739961814 0.4668385832040918 26
1739739962429 0.46944618035180896 27
1739739962972 0.46148258009377646 28
1739739963499 0.4629109398114915 29
1739739964031 0.4522263226555843 30
1739739964666 0.4580017158798143 31
1739739965203 0.456530641253088 32
1739739965749 0.43978620101423826 33
1739739966292 0.44602766457725973 34
1739739967018 0.4263915987867935 35
1739739969314 0.43138523063823286 36
1739739970080 0.41502712608552444 37
1739739971246 0.407643588004159 38
1739739971836 0.4292469362125677 39
1739739972333 0.43251200502409654 40
1739739972913 0.419738930376137 41
1739739973399 0.41622695823510486 42
1739739973984 0.4139918232080983 43
1739739974586 0.41116709744229035 44
1739739975236 0.4013460684640735 45
1739739976105 0.38908783317196605 46
1739739976714 0.39104612960534935 47
1739739977445 0.3977324400170177 48
1739739977965 0.37903541764792276 49
1739739978479 0.38345279822162553 50
1739739979165 0.38048292901001723 51
1739739979734 0.37551577082451654 52
1739739980282 0.39136600742737454 53
1739739980816 0.3715487454159587 54
1739739981349 0.3761359061680588 55
1739739981982 0.3577414027908269 56
1739739982566 0.38522746063330593 57
1739739985699 0.3615660727316258 58
1739739986683 0.3647615951942463 59
1739739987734 0.3662756862593632 60
1739739988487 0.3603583194461523 61
1739739989092 0.3600095558692427 62
1739739989678 0.3698357258941613 63
1739739990195 0.35936325131093755 64
1739739990918 0.3570029084004608 65
1739739991719 0.36262209523542255 66
1739739992428 0.3536766646247284 67
1739739993047 0.34149765581184743 68
1739739993628 0.3492620780187495 69
1739739994131 0.34888250424581413 70
1739739994736 0.3413123026782391 71
1739739995651 0.3548162491882549 72
1739739996446 0.33951734853725807 73
1739739997263 0.3279993123575753 74
1739739998751 0.3364175793294813 75
1739739999335 0.33768973601799385 76
1739739999972 0.3264985631640051 77
1739740000828 0.3322207661820393 78
1739740001474 0.334917630488966 79
1739740002051 0.3306957354002139 80
1739740002641 0.32827026418903293 81
1739740003429 0.32667647126842947 82
1739740004236 0.3327002174714032 83
1739740004958 0.3323051781923163 84
1739740005617 0.3368789433848624 85
1739740006200 0.3267691605815701 86
1739740007093 0.3205159553417973 87
1739740007916 0.333330454195247 88
1739740008805 0.3229367564267972 89
1739740009781 0.3232967500739238 90
1739740010369 0.3186756405321991 91
1739740010947 0.3117998439599486 92
1739740011502 0.3133198553148438 93
1739740012098 0.30775094302553757 94
1739740012695 0.3106446570041133 95
1739740013250 0.3245350214488366 96
1739740013797 0.31400873942994606 97
1739740014404 0.31712020115525114 98
1739740014937 0.30229851786120265 99
1739740015445 0.31391234958873077 100
1739740015997 0.3171423284300402 101
1739740016671 0.32533979854163003 102
1739740017283 0.3184351443367846 103
1739740017864 0.32110193956132027 104
1739740018349 0.3225611145882046 105
1739740018882 0.316951477863625 106
1739740019385 0.31983152740434106 107
1739740020027 0.3267236137214829 108
1739740020811 0.32132266308454904 109
1739740021596 0.3205087032972598 110
1739740022255 0.29370615996566474 111
1739740023202 0.30795445147098277 112
1739740023924 0.31266969990204363 113
1739740024599 0.30457160592663524 114
1739740025226 0.30379801754857977 115
1739740025791 0.30457816835419804 116
1739740026478 0.30542539527603224 117
1739740026980 0.30295460751535846 118
1739740027513 0.3150944541044095 119
1739740028176 0.2989088127426073 120
1739740029101 0.30330073665462287 121
1739740029604 0.30047105121261936 122
1739740030107 0.2905938360182678 123
1739740030668 0.2997252783354591 124
1739740031219 0.2996324755105318 125
1739740031746 0.3026830210697417 126
1739740032476 0.30871138750922444 127
1739740032993 0.2892846110842976 128
1739740033480 0.29758857614269446 129
1739740033972 0.2937740630963269 130
1739740034600 0.29406023726743813 131
1739740035097 0.29872846647220497 132
1739740035649 0.28823472530234096 133
1739740036125 0.30045585969791694 134
1739740036612 0.2949320589210473 135
1739740037082 0.2917100286074713 136
1739740037786 0.29502906175512894 137
1739740038350 0.29665323449116127 138
1739740038978 0.2837905860414692 139
1739740039948 0.2904876291605772 140
1739740040885 0.2934712900542745 141
1739740041624 0.28753537341367963 142
1739740042236 0.29228095681059596 143
1739740042769 0.2923363831405546 144
1739740043318 0.2862895236295812 145
1739740043889 0.28204776463555353 146
1739740044399 0.28102994534899206 147
1739740044918 0.2868742900444012 148
1739740045490 0.29494473907877417 149
1739740046049 0.2887851173679034 150
1739740046682 0.28322600500256406 151
1739740047251 0.2874409157563658 152
1739740047799 0.28842972511169956 153
1739740048352 0.30402206381162006 154
1739740049003 0.2867945033837767 155
1739740049570 0.29003533903582424 156
1739740050358 0.29793837228242087 157
1739740050934 0.29082129428199693 158
1739740051473 0.2957363947495526 159
1739740052033 0.2854683085837785 160
1739740052693 0.28484800910832836 161
1739740053319 0.28781869335501803 162
1739740053937 0.3009369501150122 163
1739740054705 0.28688789122537073 164
1739740055266 0.2853178558688538 165
1739740056212 0.28351666573800294 166
1739740056781 0.28017362061084483 167
1739740057289 0.28024576830805514 168
1739740057763 0.2816979256184662 169
1739740058244 0.2754224196952932 170
1739740058809 0.26878084359215754 171
1739740059328 0.29135599418305885 172
1739740059915 0.280211932445858 173
1739740060628 0.2754369363480923 174
1739740061231 0.2745578670326401 175
1739740061796 0.27782611300547916 176
1739740062378 0.2829252470503835 177
1739740062895 0.2950414658761492 178
1739740063380 0.27532724473698467 179
1739740063861 0.2858786861978325 180
1739740064412 0.28200042802913516 181
1739740064904 0.28115565037610485 182
1739740065379 0.27686167734802936 183
1739740065870 0.2771119904138294 184
1739740066363 0.27116794957249774 185
1739740066914 0.2812956163988394 186
1739740067396 0.2671785543800569 187
1739740067891 0.28118159351687805 188
1739740068380 0.27413350343704224 189
1739740068873 0.2799862701372773 190
1739740069423 0.2765919313419099 191
1739740069914 0.2728481568834361 192
1739740070447 0.27084051635043294 193
1739740071013 0.2791813531634854 194
1739740071616 0.27603218456109363 195
1739740072198 0.27354909691448304 196
1739740072780 0.2804138491697171 197
1739740073284 0.2834163712812405 198
1739740073779 0.2650200504006124 199
1739740074267 0.26885783935294433 200
1739740074817 0.26814791698958357 201
1739740075296 0.2755198876063029 202
1739740075798 0.2721021601236334 203
1739740076281 0.2786189490819679 204
1739740076799 0.2701851841719711 205
1739740077483 0.2759482736754067 206
1739740078134 0.2781522314192033 207
1739740078644 0.2700187930581616 208
1739740079133 0.27921198169682543 209
1739740079781 0.27355093479740855 210
1739740080806 0.2726733778037277 211
1739740081382 0.2776572361004119 212
1739740081915 0.27151069417595863 213
1739740082666 0.27725576733549434 214
1739740083162 0.2866036004441626 215
1739740083665 0.2710517803389652 216
1739740084145 0.2799033161033602 217
1739740084633 0.271471801122614 218
1739740085118 0.2743089689927943 219
1739740085614 0.2744770296210167 220
1739740086227 0.2638246125596411 221
1739740087015 0.2675594620260538 222
1739740087663 0.27568085856881797 223
1739740088383 0.27998976445957724 224
1739740089365 0.27651576003899764 225
1739740090028 0.2757083127895991 226
1739740090547 0.2809247530120261 227
1739740091110 0.26626912950008524 228
1739740091622 0.2747271478030027 229
1739740092126 0.27433303984649043 230
1739740092725 0.26724085759590654 231
1739740093269 0.2724549190378657 232
1739740093761 0.26401016590934173 233
1739740094271 0.27457641298864405 234
1739740094766 0.2770436546381782 235
1739740095264 0.27282316953528163 236
1739740095782 0.2693697110402818 237
1739740096428 0.27077260189781 238
1739740097015 0.27270011311652614 239
1739740097529 0.2743326654913379 240
1739740098138 0.2687782957127281 241
1739740098633 0.2765994608110073 242
1739740099144 0.26266949178249227 243
1739740099650 0.2646075552877258 244
1739740100172 0.2678826836978688 245
1739740100680 0.2725774419366145 246
1739740101200 0.2629173993333882 247
1739740101715 0.26142902621159364 248
1739740102723 0.28169878338481863 249
