1739740205222 24.870113968849182 0
1739740212358 15.200100123882294 10
1739740216864 14.94016432762146 20
1739740220957 14.983267188072205 30
1739740224469 15.390710949897766 40
1739740228504 15.754209160804749 50
1739740233525 15.308102428913116 60
1739740237331 15.042681396007538 70
1739740242442 15.804399013519287 80
1739740246021 15.436526417732239 90
1739740250269 15.631579577922821 100
1739740253749 15.017380774021149 110
1739740257246 16.828530073165894 120
1739740260774 15.51357913017273 130
1739740264883 14.970695436000824 140
1739740268348 14.717748999595642 150
1739740271781 14.889342904090881 160
1739740275234 15.259856224060059 170
1739740278886 15.138179063796997 180
1739740282805 15.629000067710876 190
1739740286162 15.487310230731964 200
1739740289737 15.427606046199799 210
1739740293202 15.194356262683868 220
1739740297138 14.699053645133972 230
1739740300635 14.760852575302124 240
