1739740205237 1.287636399269104 0
1739740212367 1.0066478252410889 10
1739740216880 0.9980034828186035 20
1739740220970 0.9994421005249023 30
1739740224469 1.0129399299621582 40
1739740228516 1.024832010269165 50
1739740233539 1.0102177858352661 60
1739740237347 1.0014216899871826 70
1739740242458 1.0264631509780884 80
1739740246037 1.014446496963501 90
1739740250286 1.0208356380462646 100
1739740253749 1.0005792379379272 110
1739740257246 1.0591987371444702 120
1739740260790 1.0169752836227417 130
1739740264898 0.9990227222442627 140
1739740268364 0.9905470013618469 150
1739740271797 0.9963045716285706 160
1739740275247 1.0086246728897095 170
1739740278902 1.004595398902893 180
1739740282821 1.0207513570785522 190
1739740286177 1.0161138772964478 200
1739740289752 1.0141533613204956 210
1739740293202 1.0064576864242554 220
1739740297154 0.9899176359176636 230
1739740300635 0.9919964075088501 240
