1739740205187 7.80032401283582 0
1739740205631 1.100139021289115 1
1739740206155 0.8594351369960636 2
1739740207269 0.7391068000419467 3
1739740208875 0.6990346800462872 4
1739740209385 0.6493715591290418 5
1739740210421 0.6391680366268345 6
1739740210861 0.6083923893816331 7
1739740211556 0.5952641344537922 8
1739740211948 0.5976409130528861 9
1739740212326 0.5876969157480726 10
1739740212748 0.5737365352756837 11
1739740213100 0.5921199552568734 12
1739740213450 0.5801275273164114 13
1739740213815 0.5785499518992854 14
1739740214187 0.5808443771857842 15
1739740214738 0.5365718083054412 16
1739740215507 0.5403295948224909 17
1739740215994 0.5365680311532581 18
1739740216430 0.5328105241060257 19
1739740216833 0.5443010984682569 20
1739740217241 0.5350255238659242 21
1739740217648 0.5424703783264347 22
1739740218119 0.5167766024961191 23
1739740218558 0.49040574229815426 24
1739740219028 0.515450134289031 25
1739740219515 0.49251387779619177 26
1739740219918 0.4894094661462541 27
1739740220251 0.49752253819914427 28
1739740220580 0.47788824053371654 29
1739740220925 0.470468444274921 30
1739740221302 0.47502514164821774 31
1739740221694 0.48642827132168936 32
1739740222062 0.4791526768137427 33
1739740222384 0.4465118354442073 34
1739740222713 0.45552939804745657 35
1739740223026 0.4564136344135976 36
1739740223356 0.4380151572472909 37
1739740223686 0.43801287371738284 38
1739740224015 0.45009204876773495 39
1739740224438 0.4356993889691783 40
1739740224830 0.43295371167215646 41
1739740225209 0.4465383066266191 42
1739740225614 0.423028031984965 43
1739740226022 0.42889770646305647 44
1739740226385 0.413337071444474 45
1739740226717 0.42452003470822874 46
1739740227101 0.4050065315529412 47
1739740227523 0.41964901501641555 48
1739740227967 0.4100528629679306 49
1739740228458 0.3953959387453163 50
1739740229104 0.40067781055090473 51
1739740229481 0.38764650973619197 52
1739740229848 0.39331234597107945 53
1739740230183 0.3850376100516787 54
1739740230717 0.39597559333139776 55
1739740231115 0.39366847495822344 56
1739740231554 0.39411677799972833 57
1739740232042 0.3902076810014014 58
1739740232804 0.3742259562599893 59
1739740233474 0.3734424461921056 60
1739740233960 0.37153954380283166 61
1739740234363 0.3679310691122915 62
1739740234735 0.37267399082581204 63
1739740235123 0.3773818207429905 64
1739740235508 0.3773843156648617 65
1739740235859 0.36988839755455655 66
1739740236274 0.37183382931877584 67
1739740236612 0.3622799696875553 68
1739740236974 0.3566959332309517 69
1739740237300 0.3634023312844482 70
1739740237868 0.3644105622581407 71
1739740238185 0.358502793107547 72
1739740238523 0.35791667404712413 73
1739740238852 0.348525919750625 74
1739740239276 0.3523708925235505 75
1739740240075 0.35464418445732077 76
1739740240867 0.3400875110106141 77
1739740241378 0.34992559721656874 78
1739740241841 0.3483071901342448 79
1739740242411 0.34708651096797455 80
1739740242852 0.3384602055976204 81
1739740243180 0.3465813462640725 82
1739740243510 0.3319258807482673 83
1739740243839 0.3522707356833944 84
1739740244172 0.3379835793200661 85
1739740244545 0.3398450005288218 86
1739740244890 0.32243822602664723 87
1739740245204 0.33108755303364173 88
1739740245533 0.335999717315038 89
1739740245990 0.33268707917601453 90
1739740246504 0.3298675619504031 91
1739740246929 0.32889480246048347 92
1739740247336 0.31971904759605724 93
1739740247780 0.32339049678514986 94
1739740248215 0.3225476280146954 95
1739740248606 0.3270195477149066 96
1739740249045 0.33347896070164795 97
1739740249437 0.32012031154305326 98
1739740249860 0.3191000958722012 99
1739740250237 0.3287677315666395 100
1739740250628 0.31909695165414437 101
1739740250943 0.3263099189190304 102
1739740251288 0.31672978810235564 103
1739740251617 0.31591274954524695 104
1739740251946 0.3209664926809423 105
1739740252260 0.31763121149703566 106
1739740252636 0.31009568390893 107
1739740252981 0.31142410679775123 108
1739740253311 0.3176879580406582 109
1739740253718 0.3189797610336659 110
1739740254094 0.31917834340357315 111
1739740254424 0.31541042570389954 112
1739740254768 0.31886686245892565 113
1739740255098 0.3062572647251335 114
1739740255427 0.3091437997771244 115
1739740255767 0.30337084011704313 116
1739740256086 0.31484540084413454 117
1739740256415 0.3151257718164547 118
1739740256799 0.31703346361424406 119
1739740257214 0.30725670518244014 120
1739740257607 0.31252936419903066 121
1739740257937 0.3135598664190255 122
1739740258266 0.2944772299013886 123
1739740258602 0.303575631669339 124
1739740258932 0.30560092116687815 125
1739740259253 0.29670941844290377 126
1739740259582 0.2955761239224789 127
1739740259928 0.3011699951454705 128
1739740260320 0.3050394415417138 129
1739740260743 0.3019118400327131 130
1739740261120 0.29284047408431185 131
1739740261637 0.3003280441842827 132
1739740261966 0.3090881191047968 133
1739740262342 0.30210382257606466 134
1739740262766 0.3113509244924667 135
1739740263158 0.29166987516424236 136
1739740263597 0.29667161668048186 137
1739740264036 0.29985300824046135 138
1739740264428 0.3011488802000588 139
1739740264851 0.2920111035015069 140
1739740265228 0.28727515648100893 141
1739740265557 0.3016483419227834 142
1739740265886 0.2928923943317404 143
1739740266217 0.2882181615660004 144
1739740266545 0.3005192260093549 145
1739740266896 0.29420799615920756 146
1739740267219 0.28389520300369636 147
1739740267564 0.2957412723232718 148
1739740267893 0.2856016541812934 149
1739740268333 0.2923383385527368 150
1739740268721 0.2903776969395432 151
1739740269038 0.3012564966053355 152
1739740269367 0.31347817007233114 153
1739740269696 0.2970704978295401 154
1739740270026 0.2904085475294029 155
1739740270355 0.2892748498741318 156
1739740270685 0.2898220154730713 157
1739740271027 0.299545000069866 158
1739740271343 0.2951768745540404 159
1739740271750 0.29935423445467857 160
1739740272127 0.3045301289827216 161
1739740272535 0.30038824304938316 162
1739740272864 0.2914424158048396 163
1739740273178 0.2920355508286579 164
1739740273507 0.2856249571138737 165
1739740273837 0.2852805326236229 166
1739740274166 0.29481889986816573 167
1739740274479 0.29079126405949685 168
1739740274822 0.31429115858148127 169
1739740275200 0.29760303852312703 170
1739740275561 0.285285283537472 171
1739740275969 0.2918814725297339 172
1739740276283 0.29518794341414584 173
1739740276628 0.29068854042128023 174
1739740276989 0.291682909662817 175
1739740277302 0.2821822533128308 176
1739740277639 0.29309479475897904 177
1739740277961 0.29116398205651955 178
1739740278306 0.29243600667983877 179
1739740278855 0.29447997288376676 180
1739740279294 0.30055995621517595 181
1739740279795 0.29325278402835714 182
1739740280281 0.27703791192057087 183
1739740280689 0.2842114795656765 184
1739740281081 0.286408482521188 185
1739740281413 0.2792235664000698 186
1739740281755 0.2916445496912096 187
1739740282084 0.2818011870863391 188
1739740282414 0.30539796501398087 189
1739740282787 0.2959492194886301 190
1739740283151 0.2834405555736785 191
1739740283511 0.28718185030362187 192
1739740283851 0.2950587363219729 193
1739740284170 0.2840270882874143 194
1739740284499 0.3015843403397822 195
1739740284844 0.28751830961190017 196
1739740285175 0.2834458208697684 197
1739740285487 0.2919253664566021 198
1739740285817 0.27373340835466103 199
1739740286145 0.28782830197437137 200
1739740286599 0.28236960356726365 201
1739740286944 0.28643496933521007 202
1739740287338 0.2794124681283446 203
1739740287683 0.28469188146147073 204
1739740288043 0.28004911096364843 205
1739740288388 0.28179624954275057 206
1739740288717 0.28015624702561137 207
1739740289047 0.283848646078624 208
1739740289377 0.2833178984183891 209
1739740289706 0.290799179570932 210
1739740290082 0.28165200206578944 211
1739740290410 0.27029741555452347 212
1739740290743 0.2784234501567541 213
1739740291117 0.28112055456229285 214
1739740291446 0.27598264418980656 215
1739740291792 0.293198085444815 216
1739740292105 0.2830325194141444 217
1739740292434 0.2819458415695265 218
1739740292768 0.2833256424203807 219
1739740293171 0.2858595748011972 220
1739740293531 0.291223860838834 221
1739740293861 0.2718301980080558 222
1739740294190 0.2843957089033781 223
1739740294630 0.28491927946315093 224
1739740295037 0.28563978888240515 225
1739740295444 0.2859612447666187 226
1739740295883 0.2804127163162418 227
1739740296291 0.2728302828675392 228
1739740296699 0.2728014399900156 229
1739740297115 0.2868777770622104 230
1739740297483 0.2851771510699216 231
1739740297844 0.2747764349275944 232
1739740298168 0.27905725636610795 233
1739740298518 0.274045939612038 234
1739740298831 0.2741378672128799 235
1739740299161 0.2760310540450554 236
1739740299522 0.28400492010747685 237
1739740299867 0.28501827547363207 238
1739740300196 0.2886373351017634 239
1739740300604 0.27707741153883 240
1739740300984 0.2787997706921077 241
1739740301310 0.27964349697325747 242
1739740301639 0.2846871672892103 243
1739740301968 0.28122203950496283 244
1739740302298 0.28439924895179036 245
1739740302626 0.28046131353167925 246
1739740302956 0.2730884981506011 247
1739740303270 0.2862695955178317 248
1739740303614 0.2719182180715542 249
