1739740205187 2.7929060459136963 0
1739740205646 1.048875093460083 1
1739740206170 0.9270572066307068 2
1739740207285 0.8597131967544556 3
1739740208890 0.836082935333252 4
1739740209391 0.8058359026908875 5
1739740210431 0.7994798421859741 6
1739740210877 0.7799951434135437 7
1739740211572 0.7715336084365845 8
1739740211958 0.773072361946106 9
1739740212337 0.7666139006614685 10
1739740212753 0.757453978061676 11
1739740213116 0.7694932818412781 12
1739740213450 0.7616610527038574 13
1739740213827 0.7606247663497925 14
1739740214198 0.7621315121650696 15
1739740214749 0.7325106263160706 16
1739740215507 0.7350711226463318 17
1739740216004 0.7325080633163452 18
1739740216430 0.7299386858940125 19
1739740216849 0.7377676367759705 20
1739740217260 0.7314544320106506 21
1739740217664 0.7365258932113647 22
1739740218119 0.7188717722892761 23
1739740218573 0.7002897262573242 24
1739740219034 0.7179485559463501 25
1739740219535 0.7017933130264282 26
1739740219928 0.699578046798706 27
1739740220251 0.705352783203125 28
1739740220596 0.6912946105003357 29
1739740220937 0.6859070062637329 30
1739740221318 0.689220666885376 31
1739740221710 0.6974440813064575 32
1739740222071 0.6922085285186768 33
1739740222384 0.6682153940200806 34
1739740222713 0.6749292016029358 35
1739740223042 0.6755838990211487 36
1739740223356 0.6618271470069885 37
1739740223686 0.66182541847229 38
1739740224015 0.6708890199661255 39
1739740224444 0.660075306892395 40
1739740224830 0.6579921841621399 41
1739740225219 0.668235182762146 42
1739740225630 0.6504060626029968 43
1739740226022 0.6549028158187866 44
1739740226394 0.6429129838943481 45
1739740226733 0.6515520215034485 46
1739740227111 0.6364012360572815 47
1739740227523 0.6478031873703003 48
1739740227982 0.6403536796569824 49
1739740228471 0.6288051605224609 50
1739740229104 0.6329911351203918 51
1739740229489 0.6226126551628113 52
1739740229858 0.6271461844444275 53
1739740230201 0.6205139756202698 54
1739740230717 0.6292659044265747 55
1739740231115 0.6274300217628479 56
1739740231568 0.6277872323989868 57
1739740232055 0.6246660351753235 58
1739740232821 0.6117401123046875 59
1739740233489 0.611099362373352 60
1739740233973 0.6095404028892517 61
1739740234374 0.606573224067688 62
1739740234737 0.6104702949523926 63
1739740235123 0.614314079284668 64
1739740235518 0.6143161058425903 65
1739740235867 0.6081845164299011 66
1739740236288 0.609781801700592 67
1739740236622 0.6018970012664795 68
1739740236983 0.5972402691841125 69
1739740237316 0.6028286218643188 70
1739740237871 0.6036642789840698 71
1739740238201 0.5987510085105896 72
1739740238539 0.5982613563537598 73
1739740238862 0.5903608202934265 74
1739740239292 0.5936083793640137 75
1739740240091 0.5955200791358948 76
1739740240880 0.5831702351570129 77
1739740241393 0.5915451049804688 78
1739740241841 0.5901755690574646 79
1739740242411 0.5891404747962952 80
1739740242852 0.5817733407020569 81
1739740243180 0.5887115597724915 82
1739740243525 0.5761300921440125 83
1739740243855 0.5935239791870117 84
1739740244184 0.5813635587692261 85
1739740244560 0.5829622745513916 86
1739740244890 0.5678364634513855 87
1739740245219 0.5754020810127258 88
1739740245533 0.5796548128128052 89
1739740246006 0.5767903327941895 90
1739740246520 0.5743409991264343 91
1739740246945 0.573493480682373 92
1739740247336 0.5654370188713074 93
1739740247780 0.5686743259429932 94
1739740248215 0.5679327249526978 95
1739740248606 0.5718562006950378 96
1739740249061 0.5774763822555542 97
1739740249452 0.5657917261123657 98
1739740249860 0.5648894309997559 99
1739740250253 0.5733826756477356 100
1739740250628 0.5648866891860962 101
1739740250959 0.5712354183197021 102
1739740251288 0.5627875328063965 103
1739740251617 0.5620611310005188 104
1739740251946 0.5665390491485596 105
1739740252275 0.5635877847671509 106
1739740252636 0.5568623542785645 107
1739740252991 0.5580538511276245 108
1739740253311 0.5636381506919861 109
1739740253718 0.5647829174995422 110
1739740254110 0.5649586915969849 111
1739740254439 0.5616141557693481 112
1739740254784 0.5646829605102539 113
1739740255114 0.5534051656723022 114
1739740255443 0.5560070276260376 115
1739740255777 0.5507910847663879 116
1739740256098 0.5611109137535095 117
1739740256431 0.5613606572151184 118
1739740256810 0.5630572438240051 119
1739740257214 0.5543074011802673 120
1739740257623 0.5590432286262512 121
1739740257952 0.5599641799926758 122
1739740258266 0.5426575541496277 123
1739740258610 0.5509769916534424 124
1739740258941 0.5528118014335632 125
1739740259253 0.5447103977203369 126
1739740259603 0.5436691045761108 127
1739740259928 0.5487895607948303 128
1739740260320 0.5523037314414978 129
1739740260758 0.549465000629425 130
1739740261120 0.5411473512649536 131
1739740261652 0.5480219721794128 132
1739740261982 0.5559569001197815 133
1739740262342 0.5496397018432617 134
1739740262781 0.5579882860183716 135
1739740263179 0.5400646924972534 136
1739740263613 0.5446757078170776 137
1739740264036 0.5475883483886719 138
1739740264443 0.5487703680992126 139
1739740264867 0.5403805375099182 140
1739740265244 0.5359805822372437 141
1739740265573 0.5492252111434937 142
1739740265905 0.5411953330039978 143
1739740266230 0.5368595719337463 144
1739740266561 0.5481963753700256 145
1739740266905 0.5424094200134277 146
1739740267219 0.5328181385993958 147
1739740267564 0.5438209772109985 148
1739740267909 0.5344170928001404 149
1739740268333 0.5406832098960876 150
1739740268725 0.5388670563697815 151
1739740269053 0.5488683581352234 152
1739740269383 0.5598912239074707 153
1739740269696 0.5450417399406433 154
1739740270042 0.5388956665992737 155
1739740270355 0.5378427505493164 156
1739740270685 0.5383511781692505 157
1739740271027 0.547307014465332 158
1739740271359 0.5433018207550049 159
1739740271765 0.5471327304840088 160
1739740272127 0.5518425107002258 161
1739740272551 0.548076868057251 162
1739740272864 0.5398540496826172 163
1739740273194 0.5404031276702881 164
1739740273530 0.5344389081001282 165
1739740273837 0.5341165661811829 166
1739740274166 0.5429722666740417 167
1739740274495 0.5392506718635559 168
1739740274831 0.5606167316436768 169
1739740275215 0.5455300211906433 170
1739740275577 0.534121036529541 171
1739740275969 0.5402605533599854 172
1739740276299 0.5433120131492615 173
1739740276637 0.5391554236412048 174
1739740276989 0.540076732635498 175
1739740277318 0.5312082767486572 176
1739740277647 0.5413822531700134 177
1739740277976 0.5395961403846741 178
1739740278321 0.5407735109329224 179
1739740278855 0.5426600575447083 180
1739740279309 0.5482335090637207 181
1739740279795 0.5415282249450684 182
1739740280297 0.5263439416885376 183
1739740280704 0.5331149101257324 184
1739740281097 0.5351714491844177 185
1739740281429 0.528416097164154 186
1739740281770 0.5400412678718567 187
1739740282100 0.5308495163917542 188
1739740282430 0.552628219127655 189
1739740282796 0.5440121293067932 190
1739740283166 0.532391369342804 191
1739740283527 0.5358934998512268 192
1739740283860 0.5431931018829346 193
1739740284170 0.5329419374465942 194
1739740284514 0.5491669774055481 195
1739740284853 0.5362073183059692 196
1739740285175 0.5323963165283203 197
1739740285503 0.5403011441230774 198
1739740285832 0.5231953859329224 199
1739740286145 0.5364963412284851 200
1739740286599 0.5313845872879028 201
1739740286957 0.5351961851119995 202
1739740287338 0.5285948514938354 203
1739740287683 0.5335652828216553 204
1739740288059 0.5291966795921326 205
1739740288404 0.5308448076248169 206
1739740288733 0.5292978882789612 207
1739740289063 0.5327744483947754 208
1739740289392 0.5322761535644531 209
1739740289721 0.5392579436302185 210
1739740290097 0.5307089686393738 211
1739740290410 0.5199013352394104 212
1739740290752 0.5276584625244141 213
1739740291132 0.5302080512046814 214
1739740291446 0.5253404974937439 215
1739740291800 0.5414776802062988 216
1739740292120 0.5320079922676086 217
1739740292450 0.5309857130050659 218
1739740292780 0.5322834253311157 219
1739740293171 0.5346583724021912 220
1739740293547 0.5396515727043152 221
1739740293877 0.5213733911514282 222
1739740294206 0.5332876443862915 223
1739740294645 0.5337783098220825 224
1739740295037 0.5344527959823608 225
1739740295460 0.5347534418106079 226
1739740295883 0.5295400619506836 227
1739740296307 0.5223315954208374 228
1739740296715 0.5223039388656616 229
1739740297122 0.5356097221374512 230
1739740297499 0.5340197682380676 231
1739740297844 0.5241912007331848 232
1739740298178 0.5282586812973022 233
1739740298518 0.5234939455986023 234
1739740298847 0.5235817432403564 235
1739740299181 0.5253865718841553 236
1739740299522 0.5329211354255676 237
1739740299882 0.5338709950447083 238
1739740300196 0.5372498035430908 239
1739740300604 0.5263814330101013 240
1739740300995 0.5280149579048157 241
1739740301328 0.5288133025169373 242
1739740301654 0.5335608124732971 243
1739740301986 0.5303037166595459 244
1739740302313 0.5332909226417542 245
1739740302642 0.5295860171318054 246
1739740302956 0.5225787162780762 247
1739740303289 0.5350416898727417 248
1739740303630 0.5214577913284302 249
